a	b
0	1350.891113
0	1350.952148
0	1350.891113
0	1351.013184
0	1351.135254
0	1350.952148
0	1351.074219
0	1351.013184
0	1350.952148
0	1351.074219
6.007326007	1351.074219
21.97802198	1352.294922
21.68498168	1352.111816
18.60805861	1352.172852
20.07326007	1351.989746
23.44322344	1352.111816
30.32967033	1352.416992
31.06227106	1352.600098
30.18315018	1352.661133
30.03663004	1352.600098
34.28571429	1352.416992
38.24175824	1352.722168
39.41391941	1352.783203
36.63003663	1352.783203
38.68131868	1352.783203
45.56776557	1352.966309
50.84249084	1353.271484
50.25641026	1352.966309
51.28205128	1353.027344
50.25641026	1353.088379
54.35897436	1353.149414
59.63369963	1353.393555
60.95238095	1353.393555
61.39194139	1353.515625
59.04761905	1353.33252
63.58974359	1353.515625
70.76923077	1353.759766
69.45054945	1353.69873
69.3040293	1353.820801
69.15750916	1353.57666
74.87179487	1353.942871
79.85347985	1354.064941
80.87912088	1354.248047
80	1353.881836
79.85347985	1354.187012
82.78388278	1354.248047
91.28205128	1354.492188
92.30769231	1354.492188
86.59340659	1354.492188
92.45421245	1354.431152
94.50549451	1354.492188
100.0732601	1354.858398
101.8315018	1354.858398
99.34065934	1354.797363
102.5641026	1354.736328
105.4945055	1354.797363
110.03663	1355.041504
109.4505495	1355.102539
108.2783883	1355.041504
112.8205128	1355.102539
115.8974359	1355.224609
122.0512821	1355.34668
120.4395604	1355.59082
120.8791209	1355.46875
121.4652015	1355.407715
123.8095238	1355.46875
128.3516484	1355.834961
130.8424908	1355.651855
131.5750916	1355.773926
130.2564103	1355.834961
136.5567766	1355.895996
141.0989011	1356.079102
141.6849817	1356.140137
139.3406593	1356.018066
141.8315018	1356.140137
144.4688645	1356.262207
150.9157509	1356.262207
153.5531136	1356.384277
151.2087912	1356.384277
150.7692308	1356.445313
153.5531136	1356.506348
160.7326007	1356.689453
162.6373626	1356.750488
162.0512821	1356.872559
162.6373626	1356.689453
164.8351648	1356.811523
171.8681319	1357.116699
170.989011	1357.055664
172.7472527	1357.177734
171.5750916	1357.23877
176.2637363	1357.299805
183.003663	1357.48291
181.2454212	1357.421875
182.1245421	1357.543945
181.3919414	1357.48291
185.0549451	1357.60498
191.6483516	1357.910156
193.1135531	1357.971191
192.967033	1357.971191
191.7948718	1357.910156
197.5091575	1357.971191
200.5860806	1358.337402
203.5164835	1358.398438
196.6300366	1358.337402
201.3186813	1358.215332
206.8864469	1358.459473
210.5494505	1358.703613
210.1098901	1358.825684
210.6959707	1358.703613
208.9377289	1358.581543
216.4102564	1358.764648
223.4432234	1359.191895
223.1501832	1359.130859
222.4175824	1359.130859
221.2454212	1359.191895
227.2527473	1359.25293
231.9413919	1359.49707
231.9413919	1359.619141
230.4761905	1359.558105
231.9413919	1359.436035
236.3369963	1359.619141
242.9304029	1359.924316
240.4395604	1359.863281
243.3699634	1359.924316
243.956044	1359.863281
246.1538462	1360.107422
251.4285714	1360.351563
253.6263736	1360.290527
252.8937729	1360.351563
250.8424908	1360.290527
256.4102564	1360.473633
261.978022	1360.839844
258.021978	1360.778809
264.7619048	1360.778809
263.003663	1360.778809
268.8644689	1360.900879
273.1135531	1361.206055
273.5531136	1361.206055
271.6483516	1361.14502
272.3809524	1361.14502
276.4835165	1361.328125
282.6373626	1361.633301
283.6630037	1361.572266
280.8791209	1361.572266
284.5421245	1361.572266
287.6190476	1361.755371
292.3076923	1361.999512
291.4285714	1361.999512
293.9194139	1362.060547
291.7216117	1361.999512
297.7289377	1362.182617
305.3479853	1362.426758
301.8315018	1362.487793
303.2967033	1362.365723
301.5384615	1362.426758
308.8644689	1362.548828
311.7948718	1362.731934
312.6739927	1362.792969
313.5531136	1362.792969
312.5274725	1362.976074
317.5091575	1362.976074
324.981685	1363.28125
323.0769231	1363.28125
321.7582418	1363.220215
322.3443223	1363.342285
327.032967	1363.525391
333.3333333	1363.647461
334.9450549	1363.647461
333.4798535	1363.708496
332.014652	1363.708496
337.1428571	1363.891602
343.8827839	1364.135742
342.5641026	1364.074707
344.1758242	1364.074707
346.6666667	1364.196777
348.2783883	1364.257813
354.7252747	1364.562988
353.8461538	1364.501953
357.2161172	1364.379883
355.7509158	1364.379883
357.3626374	1364.685059
366.4468864	1365.05127
364.3956044	1364.868164
364.2490842	1364.990234
365.8608059	1365.05127
367.3260073	1365.05127
375.0915751	1365.356445
376.5567766	1365.478516
374.5054945	1365.478516
373.6263736	1365.29541
375.970696	1365.661621
382.8571429	1365.905762
384.6153846	1365.783691
383.8827839	1365.844727
386.5201465	1365.844727
388.4249084	1365.966797
395.7509158	1366.027832
395.8974359	1366.271973
392.967033	1366.271973
395.4578755	1366.333008
400.7326007	1366.455078
408.2051282	1366.638184
404.6886447	1366.699219
405.7142857	1366.699219
405.5677656	1366.638184
411.1355311	1366.760254
414.9450549	1367.126465
414.9450549	1367.06543
416.2637363	1367.06543
415.970696	1367.126465
420.0732601	1367.30957
426.959707	1367.553711
424.9084249	1367.614746
425.6410256	1367.492676
426.6666667	1367.431641
427.985348	1367.675781
434.2857143	1368.041992
437.3626374	1367.919922
435.6043956	1368.164063
435.1648352	1368.041992
437.0695971	1368.164063
446.1538462	1368.408203
446.3003663	1368.469238
445.4212454	1368.530273
445.5677656	1368.469238
449.6703297	1368.652344
455.970696	1368.835449
454.2124542	1368.896484
454.6520147	1368.835449
455.5311355	1368.95752
459.3406593	1369.20166
465.9340659	1369.262695
462.1245421	1369.32373
464.7619048	1369.506836
464.4688645	1369.445801
469.3040293	1369.628906
475.3113553	1369.689941
473.992674	1369.812012
476.3369963	1369.812012
473.8461538	1369.995117
479.4139194	1370.117188
485.4212454	1370.422363
486.1538462	1370.300293
487.9120879	1370.605469
483.956044	1370.483398
489.3772894	1370.422363
496.1172161	1370.97168
494.9450549	1371.032715
497.8754579	1370.910645
495.6776557	1370.788574
500.0732601	1370.97168
505.9340659	1371.459961
507.3992674	1371.459961
505.2014652	1371.337891
507.5457875	1371.398926
509.1575092	1371.520996
517.6556777	1372.009277
512.3809524	1371.887207
521.3186813	1371.948242
520.7326007	1371.948242
520.1465201	1372.131348
534.9450549	1372.497559
530.6959707	1372.314453
529.6703297	1372.436523
530.8424908	1372.436523
539.1941392	1372.680664
538.6080586	1372.924805
538.9010989	1372.314453
539.7802198	1372.375488
541.6849817	1372.436523
541.3919414	1372.619629
547.1062271	1372.375488
545.6410256	1372.558594
549.3040293	1372.802734
545.9340659	1372.619629
550.9157509	1373.046875
556.6300366	1373.046875
554.8717949	1373.168945
554.8717949	1373.22998
556.9230769	1373.22998
560	1373.413086
563.956044	1373.596191
563.956044	1373.535156
570.2564103	1373.657227
564.8351648	1373.535156
570.1098901	1373.840332
573.4798535	1374.206543
577.4358974	1374.023438
577.1428571	1374.145508
578.1684982	1374.145508
580.5128205	1374.389648
585.7875458	1374.694824
587.2527473	1374.572754
586.5201465	1374.572754
586.959707	1374.633789
591.6483516	1374.755859
596.9230769	1375.061035
596.6300366	1375.183105
598.8278388	1375.061035
596.6300366	1375.061035
601.3186813	1375.305176
605.4212454	1375.732422
604.6886447	1375.732422
607.3260073	1375.671387
608.7912088	1375.610352
611.5750916	1375.976563
615.3846154	1376.159668
616.8498168	1376.098633
620.5128205	1376.220703
616.5567766	1376.098633
621.0989011	1376.464844
629.010989	1376.708984
626.6666667	1376.77002
630.6227106	1376.586914
627.985348	1376.586914
632.0879121	1376.89209
637.0695971	1377.197266
638.974359	1377.13623
638.0952381	1377.197266
635.6043956	1377.13623
643.3699634	1377.380371
648.0586081	1377.685547
646.4468864	1377.807617
648.9377289	1377.563477
647.4725275	1377.563477
651.7216117	1377.868652
658.9010989	1378.173828
659.6336996	1378.051758
657.7289377	1378.173828
659.3406593	1378.112793
663.003663	1378.479004
666.8131868	1378.662109
666.0805861	1378.601074
667.8388278	1378.540039
666.3736264	1378.723145
672.3809524	1378.90625
676.6300366	1379.089355
676.043956	1379.211426
678.0952381	1379.211426
675.3113553	1379.089355
680.4395604	1379.272461
689.6703297	1379.760742
688.9377289	1379.760742
687.7655678	1379.699707
689.3772894	1379.638672
692.1611722	1380.004883
696.4102564	1380.432129
697.1428571	1380.249023
696.4102564	1380.310059
698.021978	1380.310059
700.5128205	1380.493164
708.7179487	1380.737305
706.959707	1380.859375
705.2014652	1380.737305
708.1318681	1380.67627
711.2087912	1381.04248
718.6813187	1381.286621
718.2417582	1381.286621
719.2673993	1381.347656
718.8278388	1381.225586
721.7582418	1381.652832
725.8608059	1381.591797
730.4029304	1381.652832
728.6446886	1381.652832
727.9120879	1381.774902
732.4542125	1382.080078
738.3150183	1382.263184
741.2454212	1382.324219
739.1941392	1382.263184
738.4615385	1382.202148
744.1758242	1382.446289
750.3296703	1382.8125
750.03663	1382.8125
748.8644689	1382.93457
748.2783883	1382.873535
751.7948718	1383.117676
759.8534799	1383.422852
758.974359	1383.422852
757.9487179	1383.422852
759.8534799	1383.361816
